4599
254
64
5437
2028
488
4055
486
225
4540
2994
4384
4196
297
20
4659
2843
3890
512
4702
586
4767
241
5312
1297
373
2624
4729
1895
5111
1317
765
5566
4112
483
2722
558
251
4733
3540
623
845
5845
6339
587
3519
629
4645
4038
5879
1044
1583
3516
932
723
185
1412
2640
2846
1005
4785
4318
547
4432
648
4096
236
5066
401
2712
592
1399
300
4097
1261
5451
3339
3974
554
4862
96
5929
3363
1696
1296
303
2887
3226
535
1030
582
1197
3646
1366
3507
5525
3651
1572
1903
2881
2894
3650
3654
3655
1270
2956
2932
5298
3911
3644
2475
636
2882
637
1486
4873
4880
1882
1650
4871
4986
5072
5207
4992
5365
5366
4924
4984
4983
4922
5979
5138
5044
5240
5624
6633
5116
4995
6242
5333
5697
5151
5008
5009
5622
5341
5075
5089
5621
5006
3580
3433
4408
415
3434
1004
875
1459
3364
4764
3627
2978
7226
2977
7150
730
4602
3075
3207
6285
732
3542
1525
4887
2911
2670
4927
95
6742
3052
5427
3074
1622
3065
5421
4717
3063
5598
5601
6241
1853
1851
2016
6253
3579
5161
3506
6278
6286
6980
5327
5162
5877
6675
6921
6352
6918
5860
5349
7236
7420
5869
5867
5871
5875
5862
5865
5874
5873
5861